TIME,PSF_FLUX,APER_FLUX,BKG_FLUX,QUALITY,APER_FLUX_FLAT,APER_FLUX_FLAT_ERR,APER_FLUX_TREND
2115.892137649934,514.5718994140625,0.9963607533071736,97.1569595336914,0,0.9932106862308004,0.004572538154014306,1.0031716000643605
2115.906026372906,516.8958129882812,1.0015464642702612,97.0339813232422,0,0.9983000713920013,0.004572538154014306,1.0032519209116486
2115.91297073445,515.2109375,1.0045339091113228,97.05269622802734,0,1.0014276594774423,0.004572538154014306,1.0031018212893195
2115.926859457625,514.5510864257812,1.003373470294408,97.05370330810548,0,1.0000352163724455,0.004572538154014306,1.003338136364909
2115.947692542637,513.3010864257812,1.0006916092501057,97.05985260009766,0,0.9973820355712791,0.004572538154014306,1.003318260767481
2115.954636904354,517.2759399414062,1.0012673399905003,96.9518051147461,0,0.9979919099348191,0.004572538154014306,1.0032820206487396
2115.968525627879,521.9168701171875,1.0064035574820605,96.96043395996094,0,1.0029470945268877,0.004572538154014306,1.0034463063645478
2115.975469989685,523.5885620117188,1.0063026805735051,97.06082916259766,0,1.002951409338197,0.004572538154014306,1.0033414093684951
2115.982414351492,514.5658569335938,0.9996536638221504,97.03217315673828,0,0.9961443248340789,0.004572538154014306,1.0035229222318323
2115.989358713356,516.8214111328125,1.009495541039833,96.98487091064452,0,1.005797823790167,0.004572538154014306,1.003676402118004
2115.9963030752187,517.169677734375,1.0135217581687557,96.88561248779295,0,1.009785308028405,0.004572538154014306,1.0037002421313161
2116.0032474371137,513.7099609375,1.0079853404826002,97.02688598632812,0,1.004202826478767,0.004572538154014306,1.0037666832875751
2116.010191799036,513.7117309570312,0.9976566790258596,97.04632568359376,0,0.9940039723137434,0.004572538154014306,1.0036747405582434
2116.017136160988,514.1898803710938,0.9966674002095262,97.0042495727539,0,0.9929842435699516,0.004572538154014306,1.003709179338368
2116.0240805229387,522.57275390625,1.008979344212683,96.92066192626952,0,1.0051178984511437,0.004572538154014306,1.0038417839016593
2116.031024884918,517.3775634765625,1.0053241509359525,97.01270294189452,0,1.0015954632746535,0.004572538154014306,1.0037227481533395
2116.0379692469,514.4124755859375,1.001210995394036,97.01642608642578,0,0.9973492790520404,0.004572538154014306,1.003871979880174
2116.044913608939,517.837890625,0.9998938075634763,97.02426147460938,0,0.9959828649450206,0.004572538154014306,1.0039267167700436
2116.051857970948,516.9462890625,1.0034053634622182,96.93721771240234,0,0.9994289700838335,0.004572538154014306,1.0039786653153062
2116.058802333016,517.8807373046875,1.005788255589012,96.97852325439452,0,1.0018975961255765,0.004572538154014306,1.0038832905463404
2116.0657466950843,514.4114379882812,1.0011137802936367,97.00077056884766,0,0.9973177164928826,0.004572538154014306,1.0038062733048634
2116.072691057152,514.5689697265625,0.9967833968420802,96.97473907470705,0,0.9928932806351581,0.004572538154014306,1.0039179600494763
2116.07963541925,520.0128784179688,1.0053321832893265,96.94480895996094,0,1.0014715798257936,0.004572538154014306,1.0038549306253948
2116.086579781346,514.7245483398438,1.0060679704829911,96.9097137451172,0,1.0021004055782539,0.004572538154014306,1.0039592488763118
2116.093524143472,513.2650756835938,1.0018390545542084,96.9696273803711,0,0.9979914737555816,0.004572538154014306,1.0038553243187016
2116.100468505627,516.01611328125,1.0064335606843706,97.04578399658205,0,1.0026976037861641,0.004572538154014306,1.0037259058803967
2116.1074128677537,517.3710327148438,0.9946021404095532,96.92732238769533,0,0.9908686060146396,0.004572538154014306,1.0037679409482254
2116.114357229909,519.1044921875,1.0062284994276356,96.8322525024414,0,1.002382391930224,0.004572538154014306,1.0038369663397673
2116.121301592093,514.6482543945312,1.0004326839766244,97.06277465820312,0,0.9966257804986235,0.004572538154014306,1.0038197922956562
2116.128245954277,515.8773193359375,1.005934727915251,97.00273895263672,0,1.002152278376179,0.004572538154014306,1.0037743261385395
2116.1351903164623,515.9459838867188,1.004611043328286,96.96349334716795,0,1.0006942221201076,0.004572538154014306,1.0039141039506354
2116.142134678676,516.6341552734375,1.0030871405211792,96.9234848022461,0,0.9991118272193874,0.004572538154014306,1.003978847205578
2116.14907904089,512.8944091796875,1.0002230159289838,96.9643325805664,0,0.9961186297490049,0.004572538154014306,1.0041203788960489
2116.156023403102,520.0550537109375,1.0126458772824138,96.9728012084961,0,1.008526992496091,0.004572538154014306,1.0040840600370335
2116.162967765316,517.6725463867188,1.0049061141919515,96.94071197509766,0,1.0008178599626105,0.004572538154014306,1.0040849133422676
2116.1699121275587,517.583251953125,1.002778485530483,97.01509857177734,0,0.9986644269793359,0.004572538154014306,1.0041195605250415
2116.1768564898016,514.9087524414062,0.997809529985661,96.95176696777344,0,0.9936702344104812,0.004572538154014306,1.0041656632470586
2116.183800852044,519.49462890625,1.0099029467278968,96.98487091064452,0,1.0056029580932115,0.004572538154014306,1.0042760302165765
2116.190745214315,519.2091674804688,1.0025546427415932,96.8660125732422,0,0.9983241755232106,0.004572538154014306,1.004237568639631
2116.197689576587,512.0445556640625,1.0125139340659548,96.97978973388672,0,1.008076426461803,0.004572538154014306,1.0044019555339934
2116.2046339388585,516.3456420898438,1.0039216784122116,96.8715591430664,0,0.9995210693096798,0.004572538154014306,1.0044027176991588
2116.2115783011304,514.5391845703125,1.0011760310322884,97.00527954101562,0,0.9968662870219962,0.004572538154014306,1.004323291966435
2116.218522663403,520.6575927734375,1.0087531389669189,96.94320678710938,0,1.0045006839588992,0.004572538154014306,1.0042334018044268
2116.2254670256734,517.705810546875,1.0089186290710004,96.99684143066406,0,1.0045416799152271,0.004572538154014306,1.004357160328223
2116.2324113879736,516.0721435546875,0.9893284869893002,96.95602416992188,0,0.9850445515057173,0.004572538154014306,1.0043489763757736
2116.2393557502464,515.7649536132812,1.0058212118624157,96.9333953857422,0,1.0015221552884674,0.004572538154014306,1.004292522687838
2116.246300112547,517.7679443359375,1.0010375910594236,96.94386291503906,0,0.9968875664684469,0.004572538154014306,1.0041629815944826
2116.253244474848,517.2529296875,1.0050387661454732,96.94841003417967,0,1.0007876355875678,0.004572538154014306,1.004247784851388
2116.260188837148,521.5652465820312,1.007270815400809,96.97696685791016,0,1.0027499243821543,0.004572538154014306,1.0045084930038168
2116.267133199449,513.1430053710938,0.9949152840683112,96.97203063964844,0,0.9905025056165007,0.004572538154014306,1.0044550906502392
2116.274077561749,519.2681274414062,1.0090746693475827,96.81689453125,0,1.0045938542041752,0.004572538154014306,1.004460325060377
2116.28102192408,514.3603515625,1.0059486664108126,96.83682250976562,0,1.0012422628537034,0.004572538154014306,1.0047005642207862
2116.2879662863807,515.2615356445312,1.006842620092247,96.98802947998048,0,1.0018953023110388,0.004572538154014306,1.0049379588563758
2116.2949106486813,518.6867065429688,0.9988024706101504,96.9481430053711,0,0.9940236837196548,0.004572538154014306,1.0048075181394203
2116.3018550110105,516.0520629882812,1.0009810102172714,96.91732788085938,0,0.9962346219636129,0.004572538154014306,1.0047643277487217
2116.308799373312,520.8971557617188,1.0087161665168278,96.93258666992188,0,1.0037311952378798,0.004572538154014306,1.0049664405197316
2116.315743735612,518.3524169921875,1.0013160066021216,96.86711883544922,0,0.9962682232121703,0.004572538154014306,1.0050666911503774
2116.322688097943,517.0536499023438,1.0085550469579645,96.8919677734375,0,1.0036091672873795,0.004572538154014306,1.0049280933572509
2116.3296324602434,511.0569763183594,0.9953699388938716,96.90716552734376,0,0.9905813005288778,0.004572538154014306,1.0048341699590302
2116.336576822573,516.4246826171875,0.9977353488397912,96.91169738769533,0,0.9927477593111427,0.004572538154014306,1.0050240249669355
2116.3435211848746,518.2281494140625,1.0052243371329908,96.93986511230467,0,1.0001860986350934,0.004572538154014306,1.005037301063045
2116.350465547175,513.1588745117188,1.0076845997224348,96.9296646118164,0,1.0023666686712331,0.004572538154014306,1.0053053749864322
2116.357409909505,516.09765625,1.002092191808346,96.96544647216795,0,0.9969639984109723,0.004572538154014306,1.005143810012746
2116.364354271805,517.0762329101562,1.0016622246571276,96.8996124267578,0,0.9962070948414438,0.004572538154014306,1.0054758993827002
2116.371298634106,515.5805053710938,1.005700017824737,96.83984375,0,1.0002234052932308,0.004572538154014306,1.005475389300554
2116.378242996408,516.9737548828125,1.0085698123134323,96.90985870361328,0,1.0031673655742488,0.004572538154014306,1.0053853892426923
2116.385187358708,520.4337768554688,1.008569576067745,96.95519256591795,0,1.0032724089156633,0.004572538154014306,1.0052798891956045
2116.392131721009,519.3690795898438,1.003022881694184,96.92101287841795,0,0.9977257661237962,0.004572538154014306,1.0053091899099362
2116.399076083309,512.9241943359375,0.990782461072912,96.8483657836914,0,0.985794976454871,0.004572538154014306,1.0050593528443177
2116.406020445609,521.5861206054688,1.0105404557155686,96.9361343383789,0,1.005558104147326,0.004572538154014306,1.0049548122059713
2116.4129648079115,518.4490966796875,1.006685871078602,96.91604614257812,0,1.0017825930503736,0.004572538154014306,1.0048945530320088
2116.419909170183,521.4130249023438,1.0107402014443352,96.91854095458984,0,1.005699338836988,0.004572538154014306,1.0050122958350323
2116.4268535324827,517.4976806640625,0.9977533035120402,96.92053985595705,0,0.993039019602352,0.004572538154014306,1.0047473299806244
2116.433797894755,517.054443359375,1.00681934989203,96.88594818115234,0,1.001868968192851,0.004572538154014306,1.0049411468528746
2116.4407422570266,513.2041625976562,1.004486659973826,96.8134994506836,0,0.999707992710806,0.004572538154014306,1.004780063076281
2116.4476866192986,516.9215087890625,1.004420983672706,96.87578582763672,0,0.9994805941860302,0.004572538154014306,1.0049429568872212
2116.4546309815705,519.314697265625,1.0001093817533049,96.93154907226562,0,0.9950911928443127,0.004572538154014306,1.005042943747345
2116.4615753438416,522.1422729492188,1.0076739686664982,96.95298767089844,0,1.0028137388675706,0.004572538154014306,1.0048465927525245
2116.4685197061126,517.8179931640625,1.008895949485002,96.9998016357422,0,1.0039643630170985,0.004572538154014306,1.004912113068519
2116.475464068356,519.367431640625,1.0068427382150906,96.90660095214844,0,1.001951689467524,0.004572538154014306,1.0048815215334044
2116.4824084306283,513.8263549804688,0.9959487408282042,96.89958953857422,0,0.991130784379734,0.004572538154014306,1.0048610703293666
2116.4893527928707,513.886962890625,1.0059161826287837,96.91353607177734,0,1.0010308776595567,0.004572538154014306,1.004880274003784
2116.496297155113,520.0811767578125,1.0110368079049696,96.93156433105467,0,1.006171735987217,0.004572538154014306,1.0048352301538057
2116.5032415173564,514.6784057617188,1.0058633817176312,96.88823699951172,0,1.0010727315302588,0.004572538154014306,1.0047855166128132
2116.510185879599,520.6148071289062,1.0055613416061846,96.96058654785156,0,1.000812100418211,0.004572538154014306,1.0047453874568355
2116.517130241812,521.72900390625,1.0124177820711493,96.98377227783205,0,1.0078990843366753,0.004572538154014306,1.0044832838968674
2116.5240746040545,520.4655151367188,1.0100876908555083,96.9421615600586,0,1.0056334322878826,0.004572538154014306,1.0044293063701075
2116.531018966267,515.493408203125,0.9983111977030305,96.97232818603516,0,0.9939627566385547,0.004572538154014306,1.0043748531174161
2116.53796332848,518.2326049804688,1.0039997576119246,96.8700714111328,0,0.9995740959927153,0.004572538154014306,1.0044275473293593
2116.544907690696,517.50732421875,1.007703735623121,96.88239288330078,0,1.0032817587328093,0.004572538154014306,1.0044075124976826
2116.551852052879,516.5381469726562,1.0045713540527887,96.96946716308594,0,1.000201138897567,0.004572538154014306,1.004369336311733
2116.5587964150627,516.17919921875,0.9944295629348467,96.99317932128906,0,0.9898809608322828,0.004572538154014306,1.00459510010046
2116.5657407772765,518.7444458007812,1.0050046286436316,97.07762145996094,0,1.0004799056465588,0.004572538154014306,1.004522552598544
2116.572685139461,517.1209716796875,1.0071196181608202,96.96552276611328,0,1.0026128311263083,0.004572538154014306,1.0044950422482117
2116.579629501616,516.5098266601562,1.0070035034054228,96.92803192138672,0,1.0023675556718779,0.004572538154014306,1.0046249977937858
2116.5865738638013,517.1762084960938,1.006998778491673,96.99591064453124,0,1.0022777062438932,0.004572538154014306,1.0047103434690494
2116.5935182259564,521.6044921875,1.0047408603335577,97.03502655029295,0,1.000119900818199,0.004572538154014306,1.004620405524956
2116.600462588111,521.9446411132812,1.0114300388517845,96.92155456542967,0,1.006805026206375,0.004572538154014306,1.0045937520423756
2116.6074069502665,518.635009765625,1.0059145289089713,97.05738067626952,0,1.0012292908525289,0.004572538154014306,1.0046794856075905
2116.6143513124225,514.6016845703125,0.9983950649220866,96.98562622070312,0,0.993877710585313,0.004572538154014306,1.0045451812518396
2116.621295674548,512.2802734375,0.9956417395573204,97.06978607177734,0,0.9912963318357594,0.004572538154014306,1.0043835607799676
2116.6282400366736,516.7200927734375,1.0020910105799088,97.02593994140624,0,0.9978955300981095,0.004572538154014306,1.0042043283642996
2116.6351843988,521.02734375,1.0030163849377782,97.04410552978516,0,0.998840645915931,0.004572538154014306,1.0041805858010695
2116.6421287609264,516.5369873046875,0.9948988649930314,97.01512908935548,0,0.9908116964884542,0.004572538154014306,1.0041250709080873
2116.649073123024,514.4176635742188,0.9992081044555584,97.0619125366211,0,0.9952660048958932,0.004572538154014306,1.0039608502051445
2116.656017485121,518.9710693359375,1.0048628812311424,96.8939437866211,0,1.0010852335453662,0.004572538154014306,1.003773552500018
2116.662961847217,516.9671020507812,1.0011261831922296,96.94156646728516,0,0.9975064319305601,0.004572538154014306,1.0036287999212836
2116.669906209315,518.29541015625,1.0074523702116394,96.95594787597656,0,1.0036883592764239,0.004572538154014306,1.0037501789279781
2116.683794933452,516.21435546875,1.006497819511366,96.9245147705078,0,1.0028353026162549,0.004572538154014306,1.0036521619108902
2116.690739295518,518.3755493164062,1.00416536583885,96.85652160644533,0,1.00058156922559,0.004572538154014306,1.003581713598856
2116.697683657587,520.9256591796875,1.0014741730898915,96.99555206298828,0,0.9978792580887083,0.004572538154014306,1.003602555090752
2116.711572381665,516.3092041015625,1.0037423679354125,96.8745346069336,0,1.0006019726172992,0.004572538154014306,1.003138506023428
2116.718516743704,519.364990234375,1.0050581382918466,96.92759704589844,0,1.002070976064698,0.004572538154014306,1.002980988670962
2116.7254611057133,522.1758422851562,1.0020465963906615,96.95948791503906,0,0.9990384167524473,0.004572538154014306,1.0030110750375274
2116.732405467751,518.4379272460938,1.0025536977588434,96.84423065185548,0,0.9996736936501623,0.004572538154014306,1.0028809441790603
2116.739349829761,515.7987670898438,1.0033518538140034,96.88338470458984,0,1.0004986845258892,0.004572538154014306,1.0028517471659308
2116.746294191743,517.1281127929688,0.998973394365044,96.88215637207033,0,0.9962312677059018,0.004572538154014306,1.0027525000951403
2116.753238553752,517.5046997070312,0.9987891227288078,96.82108306884766,0,0.9962183968483957,0.004572538154014306,1.0025804842477761
2116.760182915732,518.6359252929688,1.0035454571548954,96.91685485839844,0,1.0009115013385177,0.004572538154014306,1.0026315571485145
2116.7671272777134,516.666259765625,1.004688650036624,96.87671661376952,0,1.0022009326006742,0.004572538154014306,1.002482254161842
2116.7740716396647,513.8861083984375,1.0017394769969346,96.86670684814452,0,0.9991723216709827,0.004572538154014306,1.0025692818648726
2116.781016001616,517.193603515625,0.9995923580662488,96.93456268310548,0,0.9970583256491372,0.004572538154014306,1.0025415087080907
2116.7879603635683,518.3384399414062,1.0058809820213486,96.9000473022461,0,1.0034527710626766,0.004572538154014306,1.00241985575076
2116.79490472552,518.5202026367188,1.0069614516730503,96.88964080810548,0,1.004689929238679,0.004572538154014306,1.002260918884787
2116.801849087471,516.5888671875,1.0033602405359092,96.77157592773438,0,1.0010450275820817,0.004572538154014306,1.0023127960181968
2116.8087934493933,518.4493408203125,1.000986207622396,96.85887908935548,0,0.9988298757164765,0.004572538154014306,1.0021588580381346
2116.8157378113165,520.451416015625,1.0067295765307864,96.86214447021484,0,1.0045921740169024,0.004572538154014306,1.0021276320572332
2116.8226821732096,520.0894165039062,1.0098984580598345,96.81301879882812,0,1.0079280699531339,0.004572538154014306,1.0019548896051602
2116.8296265351028,519.109130859375,1.0026217365168384,96.91362762451172,0,1.0006924526486163,0.004572538154014306,1.001927948854931
2116.836570896997,516.3637084960938,1.0015677263821343,96.88758850097656,0,0.9996785327225813,0.004572538154014306,1.0018898011687896
2116.84351525889,517.2239379882812,1.004377160097678,96.81755065917967,0,1.0024615389220388,0.004572538154014306,1.0019109173781362
2116.8504596207536,517.2596435546875,1.000915097670464,96.83672332763672,0,0.999146262911311,0.004572538154014306,1.0017703461693375
2116.857403982647,518.95751953125,1.0026391005748685,96.86915588378906,0,1.00073920881552,0.004572538154014306,1.0018984883800017
2116.864348344482,517.5321655273438,1.001246550370002,96.86642456054688,0,0.9991956893302485,0.004572538154014306,1.002052511896972
2116.8712927063466,517.8238525390625,1.0020600623948486,96.82623291015624,0,1.0000921429778922,0.004572538154014306,1.0019677381037078
2116.878237068181,515.5227661132812,0.9944877974968114,96.80271911621094,0,0.992495413925467,0.004572538154014306,1.002007448642472
2116.885181430017,517.67431640625,1.0019868262317289,96.8601531982422,0,0.9999819777144453,0.004572538154014306,1.0020048846498872
2116.8921257918228,516.2366943359375,0.9988956695338626,96.76858520507812,0,0.9967542076554747,0.004572538154014306,1.002148435253085
2116.899070153657,516.70068359375,0.9929591697759552,96.83000183105467,0,0.9908762649129502,0.004572538154014306,1.0021020837179786
2116.9060145154635,516.6702270507812,1.0029028688849426,96.66101837158205,0,1.0007799280247323,0.004572538154014306,1.002121286409491
2116.912958877241,519.4144897460938,1.0050424279536292,96.82427978515624,0,1.0029150771860653,0.004572538154014306,1.0021211674008659
2116.9199032390466,516.83935546875,0.9995701509716252,96.82061767578124,0,0.9974165666379652,0.004572538154014306,1.0021591623858015
2116.926847600824,516.3511962890625,1.0029879173324363,96.82927703857422,0,1.0009361387228222,0.004572538154014306,1.0020498596566132
2116.933791962571,517.1566772460938,1.000965654247585,96.89959716796876,0,0.9989906724144494,0.004572538154014306,1.001976977250811
2116.940736324347,513.7928466796875,0.9958125451893702,96.93468475341795,0,0.9937780185723598,0.004572538154014306,1.0020472646597005
2116.9476806860966,518.7401123046875,0.9985997718102904,96.78438568115234,0,0.9965831011057891,0.004572538154014306,1.0020235850901582
2116.9546250478443,516.4259643554688,0.9999694061834709,96.85678100585938,0,0.9979308010919514,0.004572538154014306,1.0020428321175063
2116.961569409563,514.0335083007812,0.9998622687641976,96.75247192382812,0,0.997881529795478,0.004572538154014306,1.0019849440134698
2116.96851377131,517.3002319335938,1.0000601245274638,96.88150024414062,0,0.9981130103649273,0.004572538154014306,1.0019507952930347
2116.97545813303,518.6918334960938,1.00451867126448,96.87206268310548,0,1.002511812557411,0.004572538154014306,1.0020018304841212
2116.98240249472,518.8890991210938,1.000588960498894,96.86493682861328,0,0.9987038524866939,0.004572538154014306,1.001887554561351
2116.989346856408,519.8906860351562,0.9966682270694324,96.7876205444336,0,0.9946948892435836,0.004572538154014306,1.0019838624357962
2116.996291218098,517.0980834960938,1.0063102404355049,96.70640563964844,0,1.0043008535011297,0.004572538154014306,1.0020007818646874
2117.0032355797875,516.5925903320312,1.0001418655353331,96.81974792480467,0,0.9981264023663025,0.004572538154014306,1.0020192464243531
2117.0101799414488,518.2609252929688,1.002273274127801,96.7503433227539,0,1.0003610493442807,0.004572538154014306,1.0019115346251974
2117.017124303109,516.7623901367188,1.0028714482085077,96.81866455078124,0,1.0010095835546498,0.004572538154014306,1.0018599868417306
2117.0240686647694,519.2119750976562,1.0009179326187136,96.74835205078124,0,0.9990844258903824,0.004572538154014306,1.0018351869780147
2117.0310130264297,516.2861938476562,0.9972225775751103,96.83219909667967,0,0.9954483951382479,0.004572538154014306,1.0017822947382582
2117.0379573880327,519.0546875,1.0011746135581636,96.82372283935548,0,0.9995070327083475,0.004572538154014306,1.0016684033180812
2117.044901749693,516.0462646484375,0.9969198287266016,96.8006820678711,0,0.9952586818763333,0.004572538154014306,1.001669060396576
2117.051846111295,520.1505737304688,1.0045537537490716,96.7133560180664,0,1.0028556304666425,0.004572538154014306,1.001693287877976
2117.0587904728973,521.3353271484375,0.996014535252168,96.7669677734375,0,0.9943317926514688,0.004572538154014306,1.0016923351069889
2117.0657348344994,515.77392578125,1.0045824576001006,96.86270904541016,0,1.0028851109946664,0.004572538154014306,1.001692463659921
2117.0726791961024,520.0908813476562,1.0120545543266448,96.88360595703124,0,1.0103694331595918,0.004572538154014306,1.0016678267490569
2117.0796235576463,524.3193969726562,1.0036730298261365,96.84626007080078,0,1.0019279483830104,0.004572538154014306,1.0017417234901396
2117.0865679192484,518.2171630859375,0.9995870425382803,96.80183410644533,0,0.9980119317533075,0.004572538154014306,1.0015782484506028
2117.093512280793,519.3508911132812,1.002806835012981,96.8188934326172,0,1.001127850459998,0.004572538154014306,1.0016770930428232
2117.100456642336,522.4077758789062,1.0074451647181712,96.73023223876952,0,1.0057018061961818,0.004572538154014306,1.0017334745858548
2117.10740100388,517.6293334960938,0.9989614639578264,96.83380889892578,0,0.9972348625260054,0.004572538154014306,1.0017313889603172
2117.114345365426,516.2755126953125,1.0056104807091812,96.84217834472656,0,1.0039311921849972,0.004572538154014306,1.0016727127688196
2117.121289726969,520.2236328125,0.9978847742371244,96.76736450195312,0,0.9961038554635108,0.004572538154014306,1.0017878846305488
2117.1282340884545,520.9874877929688,1.006765603998128,96.8506088256836,0,1.0049518759854432,0.004572538154014306,1.0018047909119094
2117.1351784499984,514.8114624023438,1.00246864931135,96.7757339477539,0,1.0005277900723097,0.004572538154014306,1.0019398354131672
2117.142122811486,519.5700073242188,1.0018915010968297,96.7713394165039,0,0.9998546515390498,0.004572538154014306,1.0020371456537653
2117.1490671729707,521.7969360351562,1.0070701246892924,96.78240966796876,0,1.0049680107478325,0.004572538154014306,1.0020917222428758
2117.1560115344564,519.5306396484375,1.0035067128621484,96.79635620117188,0,1.0015629120773664,0.004572538154014306,1.001940767535761
2117.1629558959426,519.697021484375,1.0005170236870558,96.89157104492188,0,0.9985759914962201,0.004572538154014306,1.00194380017882
2117.1699002573705,517.289306640625,1.0010151477191127,96.81112670898438,0,0.9991016451915029,0.004572538154014306,1.0019152230774708
2117.176844618856,514.8036499023438,1.005113301659874,96.85330963134766,0,1.0030905860338366,0.004572538154014306,1.002016483510263
2117.183788980284,518.158203125,1.0008901737504343,96.72161865234376,0,0.9987239251982613,0.004572538154014306,1.0021690163793193
2117.190733341711,518.8126831054688,1.00521642290246,96.79876708984376,0,1.0029529277273388,0.004572538154014306,1.0022568309165318
2117.1976777031387,516.6564331054688,1.0019010690471728,96.8135223388672,0,0.9995691793777347,0.004572538154014306,1.0023328947285968
2117.204622064567,514.14501953125,1.0004726094978091,96.83473205566406,0,0.9980626063612675,0.004572538154014306,1.0024146813247798
2117.2115664259954,522.1639404296875,1.008315966322232,96.83782958984376,0,1.0058407750349625,0.004572538154014306,1.0024608182017511
2117.2185107873647,515.9254760742188,0.9974165352845336,96.7760009765625,0,0.99508309833361,0.004572538154014306,1.0023449669226934
2117.225455148792,518.0599365234375,1.0032495594313238,96.92922973632812,0,1.000817016438005,0.004572538154014306,1.0024305571881424
2117.232399510161,514.1962890625,0.9938521784746394,96.7756576538086,0,0.9912584572411167,0.004572538154014306,1.0026165943045182
2117.2393438715308,518.0639038085938,1.004434213431205,96.76872253417967,0,1.0019515318007552,0.004572538154014306,1.002477846035115
2117.2462882329005,516.1369018554688,1.0000880015185871,96.89887237548828,0,0.9975610569496727,0.004572538154014306,1.002533122710946
2117.2532325942702,520.2772216796875,0.9995473532627832,96.86277770996094,0,0.9969387863085917,0.004572538154014306,1.002616576855085
2117.2601769555813,517.8115844726562,0.9980625491169548,96.83394622802734,0,0.9953668638887687,0.004572538154014306,1.0027082328395527
2117.2671213169497,522.7844848632812,1.0112009986577697,96.8684539794922,0,1.0084798749298647,0.004572538154014306,1.002698242965031
2117.2740656782616,512.8447875976562,0.9929709820603292,96.83184814453124,0,0.9902678930981592,0.004572538154014306,1.0027296542491275
2117.2810100395736,519.5153198242188,1.008943907359561,96.88127136230467,0,1.0062363792640594,0.004572538154014306,1.0026907475731317
2117.2879544008847,516.4491577148438,1.0017339252232789,96.81657409667967,0,0.9989750368150883,0.004572538154014306,1.002761719068563
2117.294898762196,517.4005126953125,1.0061188814286437,96.8042984008789,0,1.0034649516098508,0.004572538154014306,1.0026447658331616
2117.301843123507,520.57421875,1.003243417043449,96.8224868774414,0,1.0005629403115648,0.004572538154014306,1.0026789686324475
2117.30878748476,519.8031005859375,1.0011338611770728,96.8226089477539,0,0.9985638959434964,0.004572538154014306,1.0025736612789793
2117.315731846013,518.4347534179688,1.0064778567507735,96.78423309326172,0,1.004031764709608,0.004572538154014306,1.002436269575468
2117.3226762073245,518.74951171875,0.997492133904528,96.72331237792967,0,0.9950364165003431,0.004572538154014306,1.0024679673662817
2117.3296205685774,520.6481323242188,1.0050125428741623,96.85333251953124,0,1.0023794131716797,0.004572538154014306,1.002626879271344
2117.336564929831,515.590576171875,1.005507713835126,96.92388916015624,0,1.0028870502444602,0.004572538154014306,1.0026131193837102
2117.343509291026,520.4210205078125,1.0011563045173837,96.77971649169922,0,0.9986025579428677,0.004572538154014306,1.0025573202814309
2117.3504536522787,516.0587158203125,0.999777220316704,96.91213989257812,0,0.9970595826896163,0.004572538154014306,1.0027256521819456
2117.357398013532,518.5049438476562,1.0026842235011777,96.8161392211914,0,1.000112321258623,0.004572538154014306,1.0025716133957014
2117.364342374726,516.8157958984375,1.002694972679958,96.87296295166016,0,1.0000051564292296,0.004572538154014306,1.002689802380953
2117.371286735922,524.0443725585938,1.0100930063834763,96.9501495361328,0,1.0073736692175872,0.004572538154014306,1.002699432443972
2117.3782310971174,519.4880981445312,1.0043093575853703,96.8914566040039,0,1.001633019407735,0.004572538154014306,1.0026719747909447
2117.385175458312,518.4207153320312,1.004745112755932,96.83899688720705,0,1.0020025981207594,0.004572538154014306,1.0027370334571148
2117.3921198195058,512.828125,0.9946146614309896,96.9487075805664,0,0.9919988477546926,0.004572538154014306,1.0026369120107526
2117.399064180643,516.5969848632812,0.9997149695780522,96.87443542480467,0,0.9969981721441812,0.004572538154014306,1.002724977346777
2117.4060085418378,519.327880859375,1.0012748998525,96.87946319580078,0,0.9985866445151539,0.004572538154014306,1.0026920601753606
2117.412952902974,519.2080688476562,1.0060050110072771,96.7782745361328,0,1.0031329500323827,0.004572538154014306,1.002863091053685
2117.4198972641107,522.8093872070312,1.0114524821920954,96.77088928222656,0,1.0087247251104332,0.004572538154014306,1.0027041639941596
2117.426841625248,517.9741821289062,1.003182229410391,96.88082122802734,0,1.0003127154159948,0.004572538154014306,1.0028686169336585
2117.433785986384,516.10986328125,1.002677608621928,96.87435913085938,0,0.9998701750759155,0.004572538154014306,1.0028077980681835
2117.4407303474627,522.9733276367188,1.003184473744422,96.90084075927734,0,1.0003132121564968,0.004572538154014306,1.0028703625554793
2117.4476747086,516.5794677734375,1.0021422758940923,96.93640899658205,0,0.9992982323179719,0.004572538154014306,1.0028460408356006
2117.4546190696783,516.8212280273438,0.999512270778192,96.89041137695312,0,0.9967001249929583,0.004572538154014306,1.0028214562381574
2117.461563430814,523.3792724609375,1.0039914890128627,96.85890197753906,0,1.0011305601532978,0.004572538154014306,1.0028576980600081
2117.4685077918925,519.20361328125,1.007236559776124,96.89938354492188,0,1.0043313799451388,0.004572538154014306,1.0028926506619198
2117.4754521529712,520.5115966796875,1.000517259932743,96.86803436279295,0,0.9976172476152891,0.004572538154014306,1.0029069388328902
2117.482396513992,514.6748657226562,1.0026112235837454,96.96209716796876,0,0.9997790998125379,0.004572538154014306,1.002832749526109
2117.48934087507,518.9639282226562,1.0054714501220976,96.92133331298828,0,1.0025821327313607,0.004572538154014306,1.0028818760043783
2117.4962852361487,514.9024658203125,1.0079758906551006,96.8103256225586,0,1.0050191746653345,0.004572538154014306,1.002941949829714
2117.5032295971687,515.8242797851562,1.000470010795247,96.92457580566406,0,0.9973278692571749,0.004572538154014306,1.003150560246965
2117.5101739581887,520.0009765625,1.0003094818506024,96.82447814941406,0,0.9973565648178124,0.004572538154014306,1.0029607435664991
2117.5171183192097,516.2478637695312,0.9988727537021764,97.01001739501952,0,0.9959532808729571,0.004572538154014306,1.0029313351191136
2117.5240626802297,519.4152221679688,1.0020868762803778,96.87761688232422,0,0.9993500557957734,0.004572538154014306,1.0027386004220764
2117.5310070412497,519.3455810546875,0.994883390900501,96.97312927246094,0,0.9919722271684783,0.004572538154014306,1.002934723021765
2117.5379514022707,517.3246459960938,1.0006827500368247,96.88903045654295,0,0.9979622472142786,0.004572538154014306,1.0027260578545332
2117.5448957632334,520.7550659179688,0.9999266457140366,96.77318572998048,0,0.9971640475296076,0.004572538154014306,1.0027704550633099
2117.551840124194,516.9816284179688,0.996585304833126,97.03205871582033,0,0.9937814416686406,0.004572538154014306,1.0028214082563038
2117.5587844852143,519.2105102539062,1.0050860152829697,96.95225524902344,0,1.0024143210131498,0.004572538154014306,1.0026652594778571
2117.565728846176,521.86669921875,1.007637941199157,96.84307861328124,0,1.0049545121386123,0.004572538154014306,1.0026701995245875
2117.57267320714,521.488525390625,1.0023422578685464,96.88629913330078,0,0.9998373593104054,0.004572538154014306,1.0025053060228402
2117.579617568043,520.25,1.012991032231826,96.8648910522461,0,1.0106423406571579,0.004572538154014306,1.0023239592090918
2117.5865619290043,520.1742553710938,1.007309205325025,96.8843994140625,0,1.004767056836389,0.004572538154014306,1.002530087418113
2117.593506289967,517.3277587890625,0.9983712041076512,96.9582977294922,0,0.9958110388696381,0.004572538154014306,1.0025709347838916
2117.60045065087,519.8140869140625,1.012986897932295,96.95357513427734,0,1.0104433318892805,0.004572538154014306,1.0025172772809126
2117.6073950117734,521.21435546875,1.008068144596063,96.9411392211914,0,1.0055590631373532,0.004572538154014306,1.0024952104264084
2117.614339372679,518.6377563476562,1.0014805517234535,96.97553253173828,0,0.9991246056870802,0.004572538154014306,1.0023580102251142
2117.6212837335825,521.104736328125,1.0041458755696329,96.93601989746094,0,1.0017087689704411,0.004572538154014306,1.002432949251005
2117.6351724553897,512.7946166992188,1.0077682306958038,96.8932647705078,0,1.005056938531708,0.004572538154014306,1.0026976503122864
2117.642116816236,517.69677734375,0.99715973622224,96.94808197021484,0,0.9944750657787357,0.004572538154014306,1.0026995854756822
2117.64906117714,522.6666259765625,1.009858060047275,96.9487075805664,0,1.007167276799017,0.004572538154014306,1.0026716349014138
2117.6560055379846,517.8651733398438,0.997070317229528,96.93982696533205,0,0.9945161863437602,0.004572538154014306,1.0025682144954904
2117.66294989883,518.696533203125,1.0098944418831473,96.9089126586914,0,1.0074851577561483,0.004572538154014306,1.0023913842387167
2117.6698942596768,517.5115966796875,1.0028958996371615,96.9329833984375,0,1.00052952446358,0.004572538154014306,1.0023651227832084
2117.676838620522,518.46875,1.004190289758879,96.9761199951172,0,1.0017749733909218,0.004572538154014306,1.0024110368417187
2117.6837829813094,524.8955688476562,0.998624577607476,96.98591613769533,0,0.9960937091458792,0.004572538154014306,1.002540793540165
2117.690727342155,518.9241333007812,1.006387847143843,96.96833038330078,0,1.0038495365372948,0.004572538154014306,1.0025285767579313
2117.697671702942,514.0979614257812,1.0004213441836252,96.90208435058594,0,0.9978440641070156,0.004572538154014306,1.0025828485324668
2117.7046160637874,520.834228515625,1.004580449511757,96.99079132080078,0,1.0020750241964047,0.004572538154014306,1.0025002372625358
2117.7115604245755,517.9974365234375,1.0005222210921805,96.99164581298828,0,0.9980626182241349,0.004572538154014306,1.0024643773077304
2117.7185047853627,519.70751953125,1.001543393076324,96.99874114990234,0,0.9989482072990312,0.004572538154014306,1.0025979182487446
2117.72544914615,518.8372192382812,1.0021299911183432,96.87274932861328,0,0.9995670920568359,0.004572538154014306,1.0025640090413876
2117.7323935068785,516.2053833007812,1.0024530570959758,96.87357330322266,0,0.9999805920605486,0.004572538154014306,1.0024725130218102
2117.739337867666,524.4320068359375,1.0098682186118368,96.88282775878906,0,1.0075585797821152,0.004572538154014306,1.0022923122050345
2117.746282228396,518.0348510742188,1.000779020154474,96.76905822753906,0,0.998507546459505,0.004572538154014306,1.00227486883101
2117.753226589183,520.2976684570312,1.0026395730662434,96.8801498413086,0,1.00028848745048,0.004572538154014306,1.0023504075526808
2117.760170949912,513.5938720703125,0.9986460759650372,96.84732818603516,0,0.9962357302172146,0.004572538154014306,1.0024194532224788
2117.767115310642,520.9783325195312,1.0090913246685502,96.84542846679688,0,1.0065856464662464,0.004572538154014306,1.0024892846536213
2117.774059671371,517.9428100585938,1.0008393809276257,96.81700134277344,0,0.998336262581929,0.004572538154014306,1.0025072898175842
2117.781004032101,518.413818359375,1.004831106186176,96.79209899902344,0,1.0023528070983851,0.004572538154014306,1.002472481815026
2117.787948392772,515.2295532226562,1.0029195242059104,96.81228637695312,0,1.000295051041263,0.004572538154014306,1.0026236990395139
2117.794892753501,517.4526977539062,1.001073500403921,96.81316375732422,0,0.9983586044844635,0.004572538154014306,1.0027193594638868
2117.801837114172,522.932373046875,0.9984384160057396,96.78109741210938,0,0.9958790662218294,0.004572538154014306,1.0025699403378563
2117.808781474901,518.198486328125,1.00083099420572,96.85647583007812,0,0.9984616886859394,0.004572538154014306,1.002372955864635
2117.8157258355723,513.569091796875,0.9980806219120474,96.90129089355467,0,0.9956773182472665,0.004572538154014306,1.0024137374837578
2117.822670196243,517.4354858398438,1.006476321153805,96.86215209960938,0,1.0040865205006468,0.004572538154014306,1.002380074430206
2117.829614556914,519.432373046875,1.0030263072566523,96.81996154785156,0,1.0006614377919762,0.004572538154014306,1.0023633062845854
2117.8365589175264,517.7235717773438,1.0015097280658576,96.82170867919922,0,0.9990360276960234,0.004572538154014306,1.0024760872493648
2117.8435032781986,519.3915405273438,0.9968465925634818,96.856201171875,0,0.9944930385201898,0.004572538154014306,1.0023665867453373
2117.850447638869,515.2509765625,0.9937534277772716,96.8292999267578,0,0.991413186523564,0.004572538154014306,1.0023605105172282
2117.857391999481,521.0369262695312,1.005755299315608,96.80220794677734,0,1.0032712832020871,0.004572538154014306,1.0024759166888468
2117.864336360094,517.7349853515625,1.0061348280125488,96.74996185302734,0,1.0036365325096006,0.004572538154014306,1.0024892432888042
2117.871280720706,520.6451416015625,1.0091529847929832,96.72947692871094,0,1.0066466261683273,0.004572538154014306,1.0024898097897532
2117.87822508132,515.4241333007812,0.9942924223132634,96.73594665527344,0,0.9919241576333906,0.004572538154014306,1.0023875461260296
2117.8851694419327,516.28857421875,0.9958795208417718,96.82041931152344,0,0.9933727961531708,0.004572538154014306,1.0025234480935137
2117.892113802546,521.3375244140625,1.0034115058500932,96.80191040039062,0,1.0008569250677766,0.004572538154014306,1.0025523935722818
2117.8990581631,517.8433837890625,0.9979822255832106,96.72850799560548,0,0.9954085974640939,0.004572538154014306,1.0025854991866388
2117.906002523712,518.3995971679688,1.0022153939343683,96.79073333740234,0,0.9996309291029553,0.004572538154014306,1.0025854190343353
2117.912946884268,518.00048828125,1.0044844156397954,96.80741119384766,0,1.0018925940368335,0.004572538154014306,1.002586925602992
2117.919891244823,520.5868530273438,1.0089860772147767,96.80498504638672,0,1.0063821866120302,0.004572538154014306,1.0025873774768534
2117.926835605377,520.94189453125,1.0016523023382533,96.7484130859375,0,0.9990691927690346,0.004572538154014306,1.0025855161863808
2117.9337799659306,517.5203857421875,1.0026857590981462,96.78604125976562,0,1.0001647765168975,0.004572538154014306,1.0025205672509565
2117.940724326487,514.2940063476562,0.9997070553475216,96.7597885131836,0,0.9972338902641573,0.004572538154014306,1.0024800251049522
2117.947668687041,517.3506469726562,1.0053965602391657,96.72404479980467,0,1.0030975757034353,0.004572538154014306,1.002291885247672
2117.954613047594,516.8555297851562,1.0057123026004864,96.77505493164062,0,1.0033423027302943,0.004572538154014306,1.0023621050002007
2117.961557408091,518.4776611328125,1.000454418579873,96.84440612792967,0,0.9981634205272015,0.004572538154014306,1.0022952133944774
2117.968501768589,519.2532348632812,1.0028102605754496,96.82439422607422,0,1.0006671702233052,0.004572538154014306,1.0021416614993637
2117.975446129143,517.4658203125,0.9974595319996554,96.8307647705078,0,0.9952925105478166,0.004572538154014306,1.0021772709317847
2117.98239048964,516.4342041015625,0.997409920405284,96.87187957763672,0,0.9954350842573437,0.004572538154014306,1.0019838924498161
2117.9893348501355,516.1365356445312,1.003647042800513,96.73092651367188,0,1.001733467308895,0.004572538154014306,1.00191026411123
2117.996279210632,522.9710693359375,1.0049189895819195,96.7630615234375,0,1.0030114677158275,0.004572538154014306,1.0019017946728326
2118.0032235710705,518.5960083007812,1.0048065366346777,96.81071472167967,0,1.0028969210859522,0.004572538154014306,1.0019040995226685
2118.0101679315667,515.2744140625,0.9988203071595554,96.75991821289062,0,0.996939023109232,0.004572538154014306,1.001887060298288
2118.0171122920046,514.9219360351562,0.9955810244156372,96.8071517944336,0,0.9937512435371337,0.004572538154014306,1.0018412866302342
2118.024056652501,518.0292358398438,1.006258502629946,96.77136993408205,0,1.0045751792240267,0.004572538154014306,1.001675656974941
